{"asset":{"generator":"tmx:FBX2GLTF","premultipliedAlpha":true,"profile":{"api":"WebGL","version":"1.0.2"},"version":"1.0"},"scene":"test","scenes":{"test":{"nodes":["RootNode"]}},"nodes":{"RootNode":{"name":"RootNode","children":["UD055","__001","Bone001"],"matrix":[0.9703993179613956,0,0,0,0,0.9703993179613956,0,0,0,0,0.9703993179613956,0,-4300.4018114760165,-233.00516325834187,-31.049536281836424,1]},"UD055":{"name":"UD055","matrix":[159.90155029296875,0,0,0,0,3.550527656170227e-14,-159.90155029296875,0,0,159.90155029296875,3.550527656170227e-14,0,4431.57958984375,0,-29.002771377563477,1],"skin":"skin_UD055","meshes":["mesh_Material__4_1"]},"__001":{"name":"__001","matrix":[1,0,0,0,0,2.220446049250313e-16,-1,0,0,1,2.220446049250313e-16,0,0,0,0,1]},"Bone004":{"name":"Bone004","matrix":[0.9566392729140802,0.2912757112033429,-9.769963661137806e-15,0,-0.2912757112033429,0.9566392729140802,1.9721524981513997e-31,0,9.346328704849315e-15,2.845752435348438e-15,1,0,205.6910858154297,-0.000030517578125,0,1],"children":["Bone005"],"jointName":"Bone004"},"Bone008":{"name":"Bone008","matrix":[0.9991617822277732,0.04093426103075482,-4.7318358231823814e-9,0,-0.04093426103075482,0.9991617822277732,-7.0880801394882176e-15,0,4.727869787760789e-9,1.9370130797060357e-10,1,0,70.94723510742188,0,0,1],"children":["Bone009"],"jointName":"Bone008"},"Bone003":{"name":"Bone003","matrix":[0.9876674500565441,-0.15656478295486073,8.583412353048292e-15,0,0.15656478295486073,0.9876674500565439,1.847019376371177e-8,0,-2.891791734220335e-9,-1.8242416531456412e-8,0.9999999999999998,0,192.90878295898438,0.003753662109375,0,1],"children":["Bone004"],"jointName":"Bone003"},"Bone006":{"name":"Bone006","matrix":[0.6522552239484732,0.757999106856219,-3.552713607152903e-15,0,-0.757999106856219,0.6522552239484732,2.7977619656329112e-14,0,2.3524297938176806e-14,-1.5555602250834602e-14,1,0,37.21742248535156,-0.0001220703125,0,1],"children":["Bone007"],"jointName":"Bone006"},"Bone001":{"name":"Bone001","matrix":[1.6288382065354767e-7,-0.02127168309234262,-0.9997737321506264,0,7.203230506513947e-8,-0.9997737321506368,0.0212716830923545,0,-0.9999999999999841,-7.548081942809755e-8,-1.6131471686220425e-7,0,4431.466796875,415.34185791015625,324.28472900390625,1],"children":["Bone002"],"jointName":"Bone001"},"Bone002":{"name":"Bone002","matrix":[0.9998665764970704,-0.016378635963169675,-1.4405142477986214e-14,0,0.016378635963169626,0.9998665764970677,7.490441385808147e-8,0,-1.226815968420677e-9,-7.489431294752387e-8,0.9999999999999972,0,177.81936645507812,0.001678466796875,0,1],"children":["Bone003"],"jointName":"Bone002"},"Bone005":{"name":"Bone005","matrix":[0.9454675851743419,0.3257158377574441,-2.1316281935017688e-14,0,-0.3257158377574441,0.9454675851743419,1.0658140967508843e-14,0,2.3625384552895983e-14,-3.1338769218345892e-15,1,0,99.3626708984375,-0.000030517578125,0,1],"children":["Bone006"],"jointName":"Bone005"},"Bone007":{"name":"Bone007","matrix":[0.9782632326835675,0.20736866406321183,-1.4602673346578595e-8,0,-0.20736866406321183,0.9782632326835676,-2.331468431328693e-15,0,1.4285247732765426e-8,3.028136978528584e-9,0.9999999999999999,0,48.6240234375,0.0001220703125,0,1],"children":["Bone008"],"jointName":"Bone007"},"Bone009":{"name":"Bone009","matrix":[0.9980500822464907,0.0624220326886933,-7.21142957981846e-9,0,-0.0624220326886933,0.9980500822464907,7.438494624243091e-15,0,7.1973649176071005e-9,4.5014445432783815e-10,1,0,66.19404602050781,0.000762939453125,0,1],"jointName":"Bone009"}},"animations":{"animation_0":{"channels":[{"sampler":"animation_0_T_sampler","target":{"id":"UD055","path":"translation"}},{"sampler":"animation_1_R_sampler","target":{"id":"UD055","path":"rotation"}},{"sampler":"animation_2_S_sampler","target":{"id":"UD055","path":"scale"}}],"parameters":{"TIME":"accessor_anim_6","translation":"accessor_anim_7","rotation":"accessor_anim_8","scale":"accessor_anim_9"},"samplers":{"animation_0_T_sampler":{"input":"TIME","interpolation":"LINEAR","output":"translation"},"animation_1_R_sampler":{"input":"TIME","interpolation":"LINEAR","output":"rotation"},"animation_2_S_sampler":{"input":"TIME","interpolation":"LINEAR","output":"scale"}},"name":"animation_0"},"animation_4":{"channels":[{"sampler":"animation_4_R_sampler","target":{"id":"Bone006","path":"rotation"}}],"parameters":{"TIME":"accessor_anim_10","rotation":"accessor_anim_11"},"samplers":{"animation_4_R_sampler":{"input":"TIME","interpolation":"LINEAR","output":"rotation"}},"name":"animation_4"}},"materials":{"Material__4":{"type":"phong","name":"Material__4","joint":9,"cullingOff":false,"extensions":{"KHR_materials_common":{"doubleSided":false,"technique":"PHONG","jointCount":9,"values":{"diffuse":"UD05501","ambient":[0.988235354423523,0.988235354423523,0.988235354423523,1],"emission":[0,0,0,1],"shininess":2,"specular":[0,0,0,1],"transparency":1}}}}},"meshes":{"mesh_Material__4_1":{"name":"mesh_Material__4_1","primitives":[{"attributes":{"POSITION":"accessor_normal_0","NORMAL":"accessor_normal_1","TEXCOORD_0":"accessor_normal_2","JOINT":"accessor_normal_3","WEIGHT":"accessor_normal_4"},"material":"Material__4","mode":4,"indices":"accessor_indices_5"}]}},"skins":{"skin_UD055":{"bindShapeMatrix":[1,0,0,0,0,1,0,0,0,0,1,0,0,0,0,1],"inverseBindMatrices":"accessor_anim_12","jointNames":["Bone001","Bone005","Bone004","Bone009","Bone006","Bone008","Bone007","Bone002","Bone003"]}},"samplers":{"sampler_UD05501":{"wrapS":10497,"wrapT":10497,"magFilter":9729,"minFilter":9729}},"images":{"UD05501":{"name":"UD05501","uri":"http://localhost:3088/threejs/static/file/niu/adbd6bed0fe56bef8ecd7593fc356bb8.png","fileName":"UD055017.png"}},"textures":{"UD05501":{"sampler":"sampler_UD05501","format":6407,"internalFormat":6407,"name":"UD05501","source":"UD05501"}},"cameras":{},"accessors":{"accessor_normal_0":{"name":"accessor_normal_0","componentType":5123,"type":"VEC3","count":18312,"min":[0,0,0],"max":[65535,65535,65535],"extensions":{"WEB3D_quantized_attributes":{"decodeMin":[-0.8212063312530518,-3.1047112941741943,-0.012603395618498325],"decodeMax":[0.8212063312530518,2.3417489528656006,3.015859603881836],"decodeRange":65535,"decodeMatrix":[0.000025061610780592104,0,0,0,0,0.00008310765616906684,0,0,0,0,0.000046211383222710525,0,-0.8212063312530518,-3.1047112941741943,-0.012603395618498325,1]}},"bufferView":"bufferView_normal","byteOffset":0,"byteStride":0},"accessor_normal_1":{"name":"accessor_normal_1","componentType":5123,"type":"VEC3","count":18312,"min":[0,0,0],"max":[65535,65535,65535],"extensions":{"WEB3D_quantized_attributes":{"decodeMin":[-0.9999266266822815,-0.9910825490951538,-0.999810516834259],"decodeMax":[0.9999265670776367,0.9996622204780579,0.9957378506660461],"decodeRange":65535,"decodeMatrix":[0.000030515803673760864,0,0,0,0,0.00003037681802965151,0,0,0,0,0.000030450116235603955,0,-0.9999266266822815,-0.9910825490951538,-0.999810516834259,1]}},"bufferView":"bufferView_normal","byteOffset":109872,"byteStride":0},"accessor_normal_2":{"name":"accessor_normal_2","componentType":5123,"type":"VEC2","count":18312,"min":[0,0],"max":[65535,65535],"extensions":{"WEB3D_quantized_attributes":{"decodeMin":[0.006286273710429668,0.007635176181793213],"decodeMax":[0.9896098971366882,0.9931409955024719],"decodeRange":65535,"decodeMatrix":[0.000015004556701400147,0,0,0,0.000015037854876335984,0,0.006286273710429668,0.007635176181793213,1]}},"bufferView":"bufferView_normal","byteOffset":219744,"byteStride":0},"accessor_normal_4":{"name":"accessor_normal_4","componentType":5123,"type":"VEC4","count":18312,"min":[0,0,0,0],"max":[65535,65535,65535,65535],"extensions":{"WEB3D_quantized_attributes":{"decodeMin":[0.023635268211364746,0,0,0],"decodeMax":[1,0.9763647317886353,0,0],"decodeRange":65535,"decodeMatrix":[0.000014898370821524913,0,0,0,0,0,0.000014898370821524913,0,0,0,0,0,0,0,0,0,0,0,0,0,0.023635268211364746,0,0,0,1]}},"bufferView":"bufferView_normal","byteOffset":292992,"byteStride":0},"accessor_normal_3":{"name":"accessor_normal_3","componentType":5121,"type":"VEC4","count":18312,"min":[0,0,0,0],"max":[8,8,0,0],"bufferView":"bufferView_normal","byteOffset":439488,"byteStride":0},"accessor_indices_5":{"name":"accessor_indices_5","componentType":5123,"type":"SCALAR","count":27468,"min":[0],"max":[18311],"bufferView":"bufferView_indices","byteOffset":0,"byteStride":0},"accessor_anim_12":{"name":"accessor_anim_12","componentType":5126,"type":"MAT4","count":9,"min":[-5.356511001607478e-7,-0.000025471404861411344,-159.90155029296474,0,-12.260033655781829,-159.8851133709022,0.00002536799163695481,0,-159.88511337090625,-159.8995123726736,-0.000012069500060827608,0,-155.37639558717385,346.02430250384424,-0.11285617723569885,1],"max":[0.000026045375211289612,0.00001151807715982362,-159.90155029296375,0,159.89951237266945,24.26175203963237,0.00002585309193429386,0,24.261752039631926,12.260033655781609,0.00000282690173623348,0,362.0425800526508,526.2085660628035,-0.1127046279334536,1],"bufferView":"bufferView_anim","byteOffset":0,"byteStride":0},"accessor_anim_6":{"name":"accessor_anim_6","componentType":5123,"type":"SCALAR","count":2,"min":[0],"max":[65535],"extensions":{"WEB3D_quantized_attributes":{"decodeMin":[0],"decodeMax":[0.7],"decodeRange":65535,"decodeMatrix":[0.000010681315327687494,0,0,1]}},"bufferView":"bufferView_anim","byteOffset":576,"byteStride":0},"accessor_anim_7":{"name":"accessor_anim_7","componentType":5123,"type":"VEC3","count":2,"min":[0,0,0],"max":[65535,65535,65535],"extensions":{"WEB3D_quantized_attributes":{"decodeMin":[4431.57958984375,0,-29.002771377563477],"decodeMax":[4431.57958984375,0,-29.002771377563477],"decodeRange":65535,"decodeMatrix":[0,0,0,0,0,0,0,0,0,0,0,0,4431.57958984375,0,-29.002771377563477,1]}},"bufferView":"bufferView_anim","byteOffset":580,"byteStride":0},"accessor_anim_8":{"name":"accessor_anim_8","componentType":5123,"type":"VEC4","count":2,"min":[0,0,0,0],"max":[65535,65535,65535,65535],"extensions":{"WEB3D_quantized_attributes":{"decodeMin":[-0.7071067811865475,0,0,0.7071067811865476],"decodeMax":[-0.7071067811865475,0,0,0.7071067811865476],"decodeRange":65535,"decodeMatrix":[0,0,0,0,0,0,0,0,0,0,0,0,0,0,0,0,0,0,0,0,-0.7071067811865475,0,0,0.7071067811865476,1]}},"bufferView":"bufferView_anim","byteOffset":592,"byteStride":0},"accessor_anim_9":{"name":"accessor_anim_9","componentType":5123,"type":"VEC3","count":2,"min":[0,0,0],"max":[65535,65535,65535],"extensions":{"WEB3D_quantized_attributes":{"decodeMin":[159.90155029296875,159.90155029296875,159.90155029296875],"decodeMax":[159.90155029296875,159.90155029296875,159.90155029296875],"decodeRange":65535,"decodeMatrix":[0,0,0,0,0,0,0,0,0,0,0,0,159.90155029296875,159.90155029296875,159.90155029296875,1]}},"bufferView":"bufferView_anim","byteOffset":608,"byteStride":0},"accessor_anim_10":{"name":"accessor_anim_10","componentType":5123,"type":"SCALAR","count":5,"min":[0],"max":[65535],"extensions":{"WEB3D_quantized_attributes":{"decodeMin":[0],"decodeMax":[2.6666666666666665],"decodeRange":65535,"decodeMatrix":[0.00004069072505785712,0,0,1]}},"bufferView":"bufferView_anim","byteOffset":620,"byteStride":0},"accessor_anim_11":{"name":"accessor_anim_11","componentType":5123,"type":"VEC4","count":5,"min":[0,0,0,0],"max":[65535,65535,65535,65535],"extensions":{"WEB3D_quantized_attributes":{"decodeMin":[-0.028822682690886513,-0.19345347888208156,0.40416982807561846,0.8809924081230329],"decodeMax":[0.15190417509510518,0.03670643428878263,0.4169800178907148,0.9089156532263372],"decodeRange":65535,"decodeMatrix":[0.000002757715080277587,0,0,0,0,0,0.000003512015154815964,0,0,0,0,0,1.9547096688939272e-7,0,0,0,0,0,4.260814084581405e-7,0,-0.028822682690886513,-0.19345347888208156,0.40416982807561846,0.8809924081230329,1]}},"bufferView":"bufferView_anim","byteOffset":630,"byteStride":0}},"bufferViews":{"bufferView_normal":{"name":"bufferView_normal","buffer":"buffer","byteLength":512736,"byteOffset":0,"target":34962},"bufferView_indices":{"name":"bufferView_indices","buffer":"buffer","byteLength":54936,"byteOffset":512736,"target":34963},"bufferView_anim":{"name":"bufferView_anim","buffer":"buffer","byteLength":670,"byteOffset":567672,"target":34962}},"buffers":{"buffer":{"byteLength":568342,"type":"arraybuffer","uri":"http://localhost:3088/threejs/static/file/niu/d06d8f23a06bb0d96cf1f2532f49b9e6.bin"}},"extensionsUsed":["WEB3D_quantized_attributes","KHR_materials_common"],"extensions":{"KHR_materials_common":{"lights":{"defaultAmbient":{"ambient":{"color":[1,1,1]},"name":"defaultAmbient","type":"ambient"}}}}}